-0.96788 -0.45255
2.1888 2.9054
-0.40359 0.17719
-0.18374 -0.27072
-0.25692 0.22085
2.3168 3.8324
-0.73715 -1.1938
0.31783 0.71049
2.0698 2.6883
-1.8687 -0.46111
2.3007 4.0061
2.2133 0.019805
-1.7419 -3.2598
-1.9713 -0.60343
-0.56995 -0.30115
0.76602 -0.72347
2.2889 -0.31153
-3.3149 -3.9728
0.24316 -0.32875
-0.07576 2.5686
-2.4148 -0.7691
1.8766 2.9884
-1.1025 1.4613
1.0152 0.48466
2.6711 1.859
-2.1695 -1.91
-2.7674 -4.488
-1.0916 0.46983
1.4075 0.40907
0.30937 -2.8082
0.73555 2.6106
-1.2276 -6.6134
0.70001 -3.3251
-0.95685 -0.70962
-0.70291 1.2192
2.6861 2.2461
-0.24534 -1.166
0.99799 2.5431
2.4513 2.0383
0.76531 -4.005
0.99799 -0.50425
2.6662 3.2148
1.7022 4.5695
0.4943 -0.5122
-0.43089 -2.0692
1.8552 2.9353
-0.4023 2.1598
1.091 1.1025
0.40797 0.98614
-0.84082 2.0866
0.71754 3.2289
1.4256 1.8132
0.16601 0.80184
-0.11392 0.49798
-2.3708 -2.4831
2.0886 0.22577
1.071 3.8469
0.1972 -0.33279
0.53695 1.0356
-1.4979 -1.2984
1.7066 4.3915
-1.2856 -1.1623
-0.79924 1.0723
-2.5567 -3.5364
2.7653 4.197
2.9783 0.74809
0.11032 -1.2562
0.98776 2.0667
-2.1763 -3.2796
1.8953 3.8728
-1.085 -1.9289
-0.121 -0.96801
1.0848 -1.7436
-2.2061 -2.317
0.27521 1.1578
-1.4383 -3.9896
1.846 4.7342
1.3645 2.9868
0.49309 0.31642
-0.93218 -1.9257
1.4393 2.3159
-1.6492 -4.7729
-0.43724 -1.3536
-0.26918 3.8553
-0.74616 0.46566
2.3306 3.4968
-1.3499 1.3058
-0.20089 0.33162
2.81 3.1087
1.3953 4.2006
-0.32873 2.0263
1.4161 2.7075
-2.2904 -1.7836
-0.7505 -1.3992
-0.64852 -0.87682
0.32888 1.497
0.5316 0.85618
1.5719 1.9459
1.5839 4.1751
0.87383 -1.2145
0.66945 -2.79
-0.34155 -6.5565
2.6487 1.6352
1.5641 2.5343
0.44596 0.76659
-0.58879 -3.3122
-1.378 -2.0769
-0.62083 0.82495
0.13403 -0.34436
-1.7364 -3.3732
-1.2241 3.0345
-1.0128 0.42218
-1.0281 -2.2308
-1.2256 -2.7439
-1.7982 -2.7037
0.1247 -1.1089
0.87021 3.1206
-0.52701 -2.5582
0.39998 -0.23647
1.4099 0.90583
-0.55236 -1.3685
-1.2221 0.77793
0.19102 2.0317
1.3392 -0.44346
1.9915 3.223
-0.61281 -0.89161
1.0152 -0.98531
0.093792 -1.3999
-0.199 0.056352
-0.57744 -1.1372
3.455 6.1116
0.09296 3.3993
-0.16513 -0.59584
1.2644 0.022403
-2.594 -3.015
1.9891 2.1735
0.70612 -1.0976
1.8403 2.2975
-2.1007 -1.517
-0.52635 2.2936
-0.57854 -0.33329
-2.6114 -3.0542
-0.24119 1.2432
-0.2893 -0.82657
-0.50161 2.6229
-1.341 -2.0849
3.579 -0.0010611
0.69151 0.15723
0.03484 1.374
-3.2149 -4.3229
2.964 1.1844
1.4147 0.1849
-0.96437 -2.7141
-0.29113 -0.12364
0.50492 0.90305
-1.0084 -4.0589
-0.88162 -4.7197
0.049141 -1.511
-2.9696 0.21771
-0.16874 -0.86148
0.17019 -0.62227
1.4199 3.2942
0.74332 0.90768
0.59713 1.5469
-0.13219 -3.1111
-1.8958 -1.6274
0.37782 -1.5526
1.8509 -0.28636
1.2485 2.0522
-1.0778 -1.1847
0.62865 0.35751
-0.94627 0.49433
-0.5402 -3.6306
2.6976 4.6051
0.52208 3.4606
-1.1298 -2.7818
0.96309 3.5378
-0.49059 1.0232
1.1067 2.3802
-0.039939 1.4562
-1.1859 1.6189
-0.38649 0.37814
0.086096 -2.0823
0.93674 2.9685
-0.2426 -1.5634
-2.2212 -2.6638
-1.0306 -4.5704
1.9815 2.0595
-1.4644 -1.3516
1.3549 5.5072
0.85019 0.5391
-0.67962 0.21447
-0.65992 -3.8127
1.2357 0.040924
-1.2737 -1.8369
0.50489 -1.4004
0.69443 2.0061
0.4205 -2.3189
0.87532 0.43861
-1.0537 -0.8392
3.061 3.6612
-1.6844 -1.9465
0.76388 -1.3862
0.69946 1.096
-0.69132 -2.0886
0.1135 -0.38063
-1.9049 -1.802
0.91835 2.8513
-1.8329 -2.43
0.042757 -0.74906
1.1491 0.31695
-1.8692 -1.7292
-0.012558 1.4223
1.6395 1.6458
-0.35307 2.0244
1.2878 2.9128
2.137 4.6353
1.3641 2.0956
-1.4237 -3.0963
-2.0776 0.95054
-0.87632 -4.0295
1.2093 0.73619
-1.1112 -2.1469
0.61842 0.57649
1.173 -0.37482
-1.0962 -0.34931
-1.3816 -1.7017
1.0258 -1.3221
0.49032 -1.9696
3.1992 0.97684
-1.4918 -2.9992
-0.20623 3.5537
-0.36053 -2.0815
3.0082 2.6027
-1.7812 -0.92749
1.2433 1.9455
-0.64826 -1.7243
-1.4064 -1.3548
-0.89991 -3.7985
0.23063 1.0245
-0.084045 0.50691
0.26851 -1.0061
0.86295 1.9791
-0.32364 0.38223
1.5109 0.33484
-0.83768 -2.2057
-0.056028 0.0088661
1.6242 2.7078
0.036581 -0.75022
2.2274 -0.45898
-1.9959 -5.559
-1.847 -0.28242
-1.4356 -1.3312
-0.81031 0.14683
-1.8375 -0.76099
-0.0024608 -2.6593
-1.8191 -3.2278
0.71198 -1.7825
0.47049 0.67514
1.0028 -0.80416
-0.62652 -2.8679
-2.2946 -0.99667
-0.72342 0.37883
-1.7794 -1.3686
1.8248 1.0855
0.77873 2.6808
0.44509 3.503
0.47274 1.87
0.36869 2.8034
-0.74527 -2.4697
0.0067362 -0.79066
1.5719 1.9916
-0.060475 0.049825
1.1993 2.1154
0.75397 -0.83759
-0.37743 2.2683
2.6603 5.4329
1.1135 0.31621
-0.10494 0.27545
0.55099 0.23576
-0.99258 -0.70533
0.26416 -1.6461
-0.40691 -1.2018
1.694 5.1821
-0.39561 -1.4856
-1.506 -0.72522
-0.8375 -3.7633
0.33371 -1.2075
1.1558 0.36105
-1.2298 -1.7028
1.9559 5.3045
-1.0545 -0.38153
1.388 1.1537
-0.15124 -1.9561
-1.3808 -2.2232
2.0886 1.7598
1.259 0.72545
-1.0568 -0.15807
-1.2305 -1.301
-0.082789 -2.1627
1.78 -0.76392
-1.4218 -4.0383
0.8012 -0.64013
-0.51137 2.038
0.25194 0.045159
0.42849 -3.6131
-1.6307 -2.1488
1.9341 2.5826
0.34603 1.8996
-0.54366 0.53294
2.1489 0.80377
2.0314 0.47243
1.4719 1.5029
1.4977 -1.2595
0.63914 1.1359
-0.89193 1.7097
0.64658 0.22035
0.34025 1.367
1.7002 5.2268
-0.15905 -0.24529
1.6697 2.3353
2.2038 2.1657
0.24974 2.1499
0.55321 -1.9937
1.3395 5.3409
3.1719 2.1475
-2.4741 -2.4624
1.8225 2.6983
-1.3022 -4.4448
1.5089 2.0845
-1.6886 -1.5434
0.95412 2.3357
1.9757 0.42818
0.2357 -2.4808
0.42906 0.44245
0.02573 -0.1863
1.7644 0.28837
1.5452 1.0558
-0.77943 0.69053
-1.0735 -1.6108
-0.6062 0.18894
0.82795 0.69714
-0.4204 -3.7169
0.65203 2.1641
-2.3101 -4.3211
-0.30626 1.7253
2.3936 1.8949
-1.6253 1.131
-3.0916 -3.5136
0.18372 -1.1643
-0.73386 -1.9316
2.9731 1.2771
0.53596 -2.1279
2.0764 1.07
0.65541 1.7059
0.88965 1.4082
0.63142 0.82527
0.96552 3.5409
0.61951 1.9983
2.2076 5.7583
-3.5515 -5.5236
-0.11703 0.44103
-0.54038 0.047413
-1.0669 -2.2854
0.64686 0.04424
-0.93151 0.16682
1.4898 -1.6033
3.9233 7.0147
0.26048 2.6255
1.901 1.7425
-1.0647 -0.37344
-1.3261 -1.7923
2.2891 -0.021601
-1.6133 -0.40518
-0.44341 2.6532
2.2311 2.0326
-2.1463 -2.3101
-1.7862 -3.2757
-1.0601 1.5906
-0.97364 -1.0287
-0.40318 3.0956
1.6545 1.3298
-1.5601 -4.3701
1.8999 4.0255
-1.9113 -4.0529
-2.3593 -1.094
1.7798 2.7949
-0.019567 1.9994
2.4814 5.4188
0.7208 1.8747
1.8325 0.90105
-2.1141 -2.6485
-0.90841 -4.4677
-2.0152 0.85357
-1.8636 -1.1452
0.39817 -0.1025
1.6029 2.5332
-0.48696 -2.007
0.55919 -0.64941
-1.6777 0.55662
1.2681 0.75544
-0.10396 1.1928
-0.85465 -2.8527
-1.513 -2.1572
-1.5475 -5.063
-1.1547 -1.7165
-2.09 -0.54725
1.0434 2.3364
0.71958 1.2339
-0.91484 -1.6319
-0.052429 3.1536
1.4703 2.6026
-2.4775 -2.3098
0.4692 -1.5426
2.7019 6.7752
-0.35685 2.7411
2.0013 1.7532
-3.4442 1.1625
2.1174 3.8613
0.60108 -1.9427
-0.62818 -0.96981
1.2171 1.4681
-0.37524 1.896
-0.65472 0.74872
-2.2345 -0.047371
2.8975 -0.28315
2.863 2.7681
-0.37125 -1.5363
1.4827 4.952
1.4598 5.3988
0.785 -3.3525
0.41935 1.0514
0.68756 0.25397
-0.71996 0.97109
1.3934 1.9603
0.091339 -2.5496
0.55883 3.4815
-1.1767 -0.21621
-0.92784 -1.1212
-0.90795 -1.032
-0.44311 -0.72212
1.3397 0.78797
-0.52821 3.8051
0.20354 -2.0243
-0.82723 -1.3354
-1.7599 -1.6797
-1.8756 -4.1336
-0.64645 -0.90795
1.0612 3.6922
2.1591 2.9477
-0.87567 0.98251
-0.59557 -3.1236
2.9092 1.2592
-1.3302 -1.789
-0.36031 1.8531
-0.19366 -4.8731
-0.4291 -1.4878
1.5771 0.67548
0.30234 2.5582
-0.15273 2.7431
-2.4103 0.82063
0.95371 2.1972
1.6689 2.1248
-0.097589 -1.8342
0.82371 1.6774
0.028344 1.3117
0.70371 2.1499
0.94998 2.2733
-1.6502 -2.7877
-0.82794 -1.5183
0.25506 -2.0075
0.76944 1.0391
-1.4829 -2.0057
-3.2282 -2.8246
1.4578 1.367
0.53588 0.14723
-0.49205 -0.1578
-0.70247 -0.87085
-0.30169 0.93597
-1.2254 0.057545
-1.7158 -2.5642
1.5888 -0.53043
-0.018754 -1.7674
0.2753 -1.0591
-2.0445 -0.61364
-0.41002 -2.3328
-1.8433 -2.5773
-0.86352 0.7642
-2.9271 -4.3087
-0.14674 4.3603
0.57546 0.84987
-0.36893 -2.8451
3.041 4.1213
-2.1096 -1.8174
-1.2707 -2.1896
-0.70967 -2.8333
1.7934 0.048221
-0.51127 -0.94798
1.0231 0.21095
0.10599 -0.20572
4.4357 5.4058
8.5505 7.4815
5.1814 5.8045
5.2347 5.3085
5.3341 5.7954
8.9878 8.3089
4.399 4.6304
6.0417 6.0589
8.3644 7.3182
3.5863 5.7058
9.0321 8.4777
7.5866 4.7616
2.7482 3.0325
3.4412 5.6072
4.8614 5.4119
5.9724 4.5582
7.5443 4.4244
1.0263 2.9005
5.6161 5.1079
6.3073 7.9396
2.9677 5.6032
8.2855 7.6664
4.9638 7.2502
6.6198 5.6082
8.6458 6.3333
2.8081 4.4472
1.3645 2.2292
4.6349 6.3149
6.9625 5.403
4.8302 2.7553
7.0841 7.7016
2.0845 -0.29469
5.0205 2.136
4.3582 5.1604
5.2565 6.8861
8.7923 6.6919
4.8707 4.4882
7.3076 7.5484
8.5006 6.577
4.8494 1.4748
6.2653 4.6848
9.105 7.6091
8.6624 9.2118
5.7893 4.8496
4.3874 3.703
8.2473 7.6238
5.8607 7.6671
6.9022 6.1628
6.2206 6.2871
5.4236 7.7484
7.2786 8.2887
7.4598 6.7163
5.9302 6.1967
5.5633 6.0069
2.4229 3.9775
7.5398 4.9978
7.8221 8.7486
5.5715 5.1198
6.3588 6.2895
3.6484 4.7923
8.6057 9.0429
3.8944 4.8474
5.1157 6.781
1.888 3.0513
9.534 8.4981
8.5546 5.1843
5.174 4.2818
7.135 7.1042
2.3333 3.1625
8.6056 8.491
3.8207 4.0585
5.0552 4.6318
5.923 3.4905
2.6344 4.0772
6.1546 6.4939
2.7839 2.2429
8.8539 9.3173
7.8037 7.84
6.0716 5.6287
3.9654 4.0093
7.6446 7.184
2.3178 1.579
4.6262 4.3776
6.5656 9.2148
4.9581 6.1928
8.886 7.9888
4.6782 7.1888
5.4246 5.8803
9.2038 7.4601
8.2478 8.97
5.8841 7.5165
7.7567 7.5599
2.7377 4.6073
4.3162 4.4419
4.5907 4.8979
6.321 6.7942
6.2924 6.1227
7.6427 6.7909
8.4163 8.8815
5.9058 4.0599
5.1748 2.6493
2.9366 -0.54428
8.5482 6.1307
7.8366 7.3465
6.1813 6.0678
3.8139 2.589
3.4947 4.0196
5.1988 6.4875
5.5082 5.1306
2.7146 2.9241
5.3876 8.7701
4.6927 6.2431
3.771 3.7553
3.4099 3.3408
2.8855 3.5744
5.2379 4.4153
7.385 8.1347
4.1298 3.2763
5.795 5.141
7.1347 5.869
4.5129 4.4029
4.6177 6.649
6.3744 7.3439
6.6068 4.6252
8.4737 7.8475
4.6192 4.8718
6.117 4.2269
5.1094 4.1525
5.3323 5.621
4.5684 4.6288
10.837 10.061
6.75 8.6625
5.141 4.9966
6.6958 5.0886
2.0312 3.554
8.1125 6.8621
5.7881 4.2271
8.0151 7.0296
3.0072 4.793
5.7899 7.8353
4.8424 5.3847
2.0015 3.5232
5.6986 6.7507
4.9454 4.8222
5.9257 8.1362
3.5268 3.9995
8.8628 4.2749
6.2036 5.4112
6.0027 6.7792
1.0005 2.5374
8.6904 5.5992
6.8926 5.1899
3.6655 3.2794
5.1841 5.4834
6.2833 6.1759
3.1642 2.0308
3.0573 1.3664
5.0294 4.0633
2.7839 6.7202
5.0468 4.7482
5.4471 4.857
7.9609 8.1099
6.5089 6.0987
6.5902 6.7494
4.3117 2.6217
3.1619 4.6191
5.324 3.9118
7.1413 4.5979
7.3751 7.0015
4.082 4.7554
6.213 5.6209
4.7799 6.2882
3.7506 2.2731
9.6099 8.9047
7.1742 8.5733
3.4869 3.2723
7.615 8.4951
5.389 6.6293
7.354 7.3581
5.9605 6.882
4.9393 7.4269
5.2661 5.9875
4.8687 3.5138
7.3955 7.9691
4.7373 4.1139
2.5017 3.7566
2.9684 1.5577
8.0664 6.7576
3.6616 4.7307
8.6568 10.212
6.4833 5.7158
4.9347 5.934
3.5758 2.1429
6.6752 5.1158
3.6748 4.2095
5.4955 4.0113
6.8387 7.1476
5.102 3.1772
6.4725 5.6128
4.2228 5.0718
9.6286 7.8935
3.2515 4.247
5.7437 3.9361
6.5321 6.2906
4.136 3.7738
5.4765 5.1035
3.0937 4.4582
7.3382 7.8652
2.9465 3.8434
5.284 4.7815
6.6882 5.4048
3.1521 4.5144
5.9747 6.8409
7.6036 6.4858
5.8606 7.523
7.7064 7.7967
9.0935 9.1248
7.4986 7.0026
3.1031 3.0774
3.8728 7.1038
3.2984 2.0133
6.8881 5.7782
3.7215 3.8626
6.2783 5.8302
6.474 4.7466
4.3504 5.5467
3.6198 4.3735
6.0117 3.9068
5.2871 3.4815
8.8404 5.3237
3.0724 3.1919
6.5216 8.9099
4.4493 3.6674
9.217 6.9169
3.509 5.2377
7.3338 6.903
4.3011 4.1014
3.7151 4.7079
3.3552 2.2383
6.0671 6.3838
5.5944 6.0051
5.4082 4.4627
6.9878 7.0646
5.3266 5.9699
7.0343 5.2979
3.9584 3.7138
5.4504 5.5275
7.9523 7.489
5.2778 4.7825
7.4361 4.3069
1.7232 0.95885
3.6678 5.8663
3.6956 4.7401
4.7888 5.9151
3.5131 5.4133
4.5881 3.0019
2.6867 3.089
5.5594 3.5815
6.173 5.9735
6.1673 4.4014
3.9304 3.0194
3.0029 5.3482
4.9498 6.1034
3.3598 4.8226
7.586 5.896
7.1486 7.7528
7.1163 8.6395
6.5838 7.0955
6.8053 8.0082
3.955 3.4341
5.2359 4.7547
7.6583 6.8339
5.4602 5.5675
7.3505 7.0777
5.922 4.455
5.9211 7.7606
9.858 9.6953
6.6545 5.4163
5.4956 5.7947
6.0984 5.5331
4.326 5.1767
5.1852 3.8628
4.7066 4.5098
8.8643 9.7902
4.6202 4.2393
3.8367 5.3336
3.4259 2.2501
5.4006 4.2512
6.7096 5.444
3.762 4.3205
9.1522 9.8156
4.3786 5.5021
7.1989 6.1095
4.6889 3.7136
3.4421 3.8832
8.0646 6.4393
6.9312 5.7511
4.4529 5.7129
3.8987 4.6983
4.6825 3.4961
6.9114 4.1733
2.7828 2.1915
6.0339 4.6245
5.7165 7.59
5.7522 5.4563
4.6669 1.9582
3.2327 4.0385
8.2007 7.2653
6.4749 7.1667
5.1714 6.1867
7.7942 5.5203
7.5705 5.2491
7.3971 6.4088
6.4766 3.8042
6.4891 6.3488
5.2466 7.4117
6.183 5.4859
6.2873 6.6682
8.8854 9.8301
5.2666 5.3239
7.8678 7.1234
8.3116 6.7814
6.47 7.4348
5.338 3.4373
8.5854 10.061
9.2151 6.4332
2.3329 4.0323
8.1355 7.4123
2.7561 1.7687
7.6308 6.9427
3.3853 4.6272
7.1954 7.3685
7.503 5.2266
4.873 3.0882
6.0545 5.769
5.4605 5.3161
7.2567 5.1675
7.3131 5.9637
5.0037 6.4155
3.9403 4.3535
4.995 5.8849
6.5165 5.8719
3.8337 2.151
6.8529 7.3106
1.8513 2.2296
5.8023 7.226
8.3973 6.4619
4.3596 7.1187
1.3932 3.2557
5.2744 4.3431
4.1497 3.9359
8.7306 5.6832
5.2758 3.3171
7.8172 5.7953
6.6993 6.8789
6.8176 6.519
6.3756 6.0595
7.6184 8.4972
6.7656 7.1659
9.5439 10.156
0.2735 1.5242
5.5409 5.9545
5.0084 5.7294
3.7158 3.7174
6.123 5.3203
4.6817 5.9754
6.3516 3.4839
11.586 10.75
6.6427 7.878
7.8823 6.4872
4.3718 5.5132
3.6409 4.2693
7.6437 4.6968
3.8454 5.671
5.9908 8.1449
8.2918 6.6469
2.693 4.0633
2.7012 3.0328
5.0478 7.3572
4.2332 4.8663
6.1799 8.5468
7.5096 6.1837
2.5393 1.927
8.6621 8.6329
2.3178 2.3452
2.9088 5.2789
8.1283 7.5176
6.1655 7.3855
9.6851 9.7433
6.8185 7.0151
7.5302 5.7199
2.6076 3.7343
3.1183 1.6124
3.8983 6.9913
3.3572 5.0613
5.8391 5.2675
7.8726 7.3322
4.356 3.7806
5.8034 4.6985
4.1139 6.5969
6.95 5.7762
5.8103 6.6564
3.7212 3.1116
3.3404 3.9903
2.3142 1.2716
3.8278 4.2819
3.3489 5.7006
7.2795 7.3386
6.5982 6.4134
4.0822 4.2794
6.5293 8.4813
7.7717 7.4428
2.382 4.1769
5.4133 3.89
10.356 10.943
6.1022 8.1978
7.9802 6.463
2.6611 7.7704
8.8103 8.4042
5.4004 3.4689
4.578 4.8035
7.1459 6.4633
5.7959 7.41
5.1408 6.4275
3.3841 6.2197
8.1259 4.2429
9.1371 7.1219
4.6257 4.1834
8.5869 9.6462
8.7183 10.074
5.091 2.0812
6.2537 6.3446
6.233 5.5035
5.1556 6.6588
7.4798 6.8656
4.7138 3.0729
7.2159 8.5804
4.3203 5.6993
4.2446 4.7638
4.2938 4.8408
4.8366 4.973
7.0284 5.7823
6.3051 9.2563
4.9989 3.5282
4.2659 4.5281
3.2718 4.5235
2.3238 2.2571
4.582 4.8679
7.76 8.6066
8.537 7.5314
5.0132 6.7228
3.872 2.7685
8.6644 5.6882
3.6382 4.2739
5.7952 7.3646
3.6513 0.98698
4.5879 4.2487
7.213 5.5954
6.6591 7.8005
6.2947 8.1299
3.5158 7.0955
7.1477 7.2385
7.795 6.9258
4.781 3.8098
6.8478 6.7945
5.9753 6.7229
6.8966 7.2796
7.1702 7.3113
2.9959 3.4448
4.2027 4.3564
5.0531 3.5263
6.5784 6.2133
3.4205 4.1224
1.5004 3.9499
7.3374 6.286
6.0539 5.4551
4.9837 5.52
4.542 4.9219
5.5366 6.4827
4.3682 5.9732
3.0107 3.6772
6.8115 4.4582
4.8779 3.8456
5.3965 4.4107
3.3689 5.6226
4.3168 3.4481
2.8864 3.7086
4.9499 6.5135
1.2758 2.4523
6.8534 9.6475
6.3314 6.1018
4.1802 2.9527
9.7671 8.3327
2.8961 4.5138
3.557 3.8771
3.8641 3.0803
7.2017 4.9319
4.6953 4.7841
6.5335 5.3483
5.5292 5.2704
2.4355 -0.40798
6.8482 0.92172
3.2391 -0.14476
3.2055 -0.64258
3.3879 -0.18028
7.4226 1.6606
2.2647 -1.1652
4.1305 -0.043617
6.6366 0.7932
1.6511 0.034991
7.4955 1.8191
5.4267 -1.5895
0.36152 -2.4521
1.4911 -0.036915
2.8558 -0.47583
3.8017 -1.5095
5.3264 -1.9142
-1.3572 -2.2831
3.5462 -0.90628
4.7187 1.7624
1.0241 0.041358
6.6194 1.1498
3.2759 1.3167
4.6215 -0.58789
6.7427 -0.22567
0.66616 -1.0693
-1.1406 -3.003
2.7895 0.4527
4.9235 -0.84949
2.3638 -3.0867
5.4423 1.3931
-0.86984 -5.6136
2.4437 -3.7296
2.3165 -0.63612
3.5009 0.90732
6.9492 0.10212
2.7045 -1.3871
5.6358 1.2034
6.642 0.03955
2.1603 -4.3511
4.1122 -1.4357
7.4165 0.95101
7.2589 2.6062
3.672 -1.1907
2.0923 -2.0765
6.5743 1.1145
4.2315 1.5716
4.996 -0.090732
4.3464 0.15004
3.8151 1.7275
5.7358 1.9375
5.6412 0.35747
4.0447 0.11141
3.6503 -0.011778
0.20526 -1.465
5.4216 -1.3488
6.3509 2.296
3.5044 -0.8868
4.4828 0.12842
1.5536 -0.87545
7.1737 2.4498
1.8055 -0.86384
3.344 0.82822
-0.48238 -2.2843
7.9933 1.752
6.4533 -1.3413
2.9674 -1.6431
5.3888 0.79593
-0.024501 -2.252
7.0778 1.9063
1.5959 -1.628
2.9112 -1.2778
3.5677 -2.5524
0.43092 -1.4035
4.3173 0.36511
0.25962 -3.2359
7.4658 2.6769
6.175 1.4044
4.0852 -0.47252
1.7299 -1.7016
5.9045 0.78599
-0.31469 -3.8089
2.4445 -1.4536
5.1945 2.9733
3.0866 0.27636
7.2667 1.363
2.9839 1.3058
3.4918 -0.11236
7.4879 0.78717
6.8086 2.4402
4.2284 1.4192
6.0802 1.1367
0.62464 -0.89943
2.1504 -1.3365
2.5 -0.93509
4.5333 0.63197
4.3885 -0.024328
5.8343 0.39921
6.9592 2.3238
3.6495 -1.9887
2.6847 -3.251
-0.074041 -6.0073
6.6114 -0.40824
6.1217 0.91273
4.2695 -0.059096
1.334 -3.074
1.2681 -1.6097
3.3748 0.52484
3.4439 -0.86524
0.30966 -2.5531
3.9571 2.74
2.834 0.37201
1.4943 -1.9179
1.0667 -2.2635
0.59085 -1.9424
3.0535 -1.5227
5.8139 1.7674
1.7645 -2.452
3.7282 -0.90478
5.1739 -0.42047
2.3374 -1.409
2.8306 0.78474
4.6813 1.164
4.4381 -1.5537
6.8362 1.2955
2.5235 -0.96576
3.8865 -1.8609
2.8813 -1.7592
3.3558 -0.3517
2.4313 -1.1962
9.5479 3.0653
5.2801 2.3974
3.0591 -0.93345
4.6062 -1.1128
-0.254 -1.814
6.3093 0.38776
3.5627 -1.8036
6.2425 0.56957
0.92225 -0.7634
4.191 1.7495
2.8323 -0.49937
-0.28867 -1.8393
3.9127 0.69724
2.8362 -1.0712
4.377 2.0223
1.2962 -1.6351
6.599 -2.2904
4.1775 -0.70959
4.2172 0.67251
-1.4456 -2.6363
6.6591 -0.95628
4.8176 -1.0472
1.3078 -2.3683
3.1861 -0.46151
4.3888 0.029602
0.59722 -3.5109
0.37662 -4.1466
2.7871 -1.8331
1.0371 1.1733
2.9231 -1.1617
3.3363 -1.124
6.3768 1.6429
4.5976 -0.08558
4.7906 0.54106
1.83 -3.1282
1.0444 -0.96148
3.0509 -2.0335
4.9597 -1.6734
5.6073 0.65305
1.9742 -0.98704
4.2232 -0.50471
2.9277 0.40123
1.2169 -3.3741
8.1387 2.1393
5.6824 2.2359
1.1306 -2.3443
6.103 2.0823
3.5868 0.63145
5.6485 1.0079
4.1935 0.78106
3.2824 1.495
3.3544 0.02072
2.5334 -2.3464
5.7955 1.6024
2.5082 -1.7326
0.24447 -1.6963
0.32227 -3.9428
6.2458 0.29286
1.556 -0.93833
7.427 3.5919
4.5058 -0.45823
3.0187 0.025546
1.0221 -3.472
4.5906 -1.0824
1.4785 -1.4539
3.237 -1.9653
5.1044 0.89008
2.7047 -2.7184
4.4774 -0.55782
2.1678 -0.6999
7.9815 1.1402
1.068 -1.3435
3.4684 -2.0824
4.6537 0.099394
1.857 -1.9631
3.408 -0.88638
0.94931 -1.1081
5.721 1.5101
0.69763 -1.688
3.1625 -1.1701
4.6536 -0.80006
1.0166 -1.0629
4.2003 0.73806
5.7428 0.10552
4.2064 1.4297
6.0717 1.3787
7.6684 2.4458
5.7292 0.63276
0.71885 -2.4696
2.176 1.362
0.72635 -3.5515
4.9154 -0.46709
1.4642 -1.8036
4.3238 -0.30995
4.3284 -1.4111
2.376 -0.2544
1.4527 -1.2829
3.7273 -2.1578
2.9399 -2.4508
6.759 -1.2536
0.70848 -2.3515
5.0982 2.6807
2.147 -2.1223
7.4066 0.2499
1.4937 -0.41262
5.5495 0.56323
2.0764 -1.6692
1.6047 -0.97009
0.82139 -3.3397
4.212 0.27194
3.6807 -0.018984
3.2295 -1.5056
5.2369 0.78243
3.4108 -0.0071582
4.9759 -0.96547
1.6717 -1.9914
3.4559 -0.46431
6.2605 1.033
3.1566 -1.168
5.1995 -2.0112
-1.008 -4.3163
1.7592 0.17894
1.5911 -0.93506
2.8717 0.032313
1.5282 -0.24031
2.1682 -2.8018
0.31076 -2.3858
3.2253 -2.3997
4.245 -0.15056
3.9664 -1.6978
1.5235 -2.6704
1.0145 -0.21582
3.0629 0.18979
1.2747 -0.7955
5.6231 -0.47229
5.5148 1.4323
5.637 2.3111
4.8444 0.88308
5.221 1.7435
1.6197 -2.2662
3.1105 -1.1881
5.8572 0.43885
3.4725 -0.42661
5.5963 0.73236
3.7342 -1.6024
4.3073 1.6531
8.5203 2.8748
4.6224 -0.78289
3.5468 -0.20898
4.095 -0.57132
2.2877 -0.61454
2.9057 -2.0577
2.5467 -1.3374
7.5581 3.1408
2.4146 -1.5887
1.8331 -0.37504
0.89307 -3.3403
3.1853 -1.7126
4.6815 -0.76524
1.5836 -1.3598
7.8461 3.1158
2.396 -0.30316
5.2789 -0.19481
2.391 -2.1184
1.1926 -1.7349
6.1887 -0.020255
4.953 -0.50123
2.5058 -0.10851
1.7839 -1.0115
2.347 -2.3315
4.6596 -2.0516
0.24955 -3.2864
3.8738 -1.455
4.0761 1.5206
3.7408 -0.58686
2.0645 -3.8433
1.0134 -1.5456
6.4663 0.76954
4.7495 0.97208
3.2956 0.23337
5.7628 -0.87835
5.4955 -1.1066
5.5261 0.065578
4.1673 -2.3396
4.6215 0.16417
3.5824 1.4266
4.1701 -0.63246
4.4782 0.51376
7.5858 3.1764
3.2396 -0.6329
6.1137 0.68756
6.4914 0.27371
4.7912 1.237
2.9822 -2.5032
7.3305 3.4556
7.3207 -0.22615
0.12618 -1.3954
6.4275 0.92558
0.14986 -3.6982
5.8489 0.55079
1.2659 -0.9923
5.4941 1.0457
5.4251 -1.117
2.4637 -2.7663
4.0928 -0.33135
3.4291 -0.6742
5.1722 -1.1325
5.3661 -0.35822
3.1703 0.48773
1.7649 -1.3582
3.0695 -0.033273
4.5656 -0.31023
1.2775 -3.5087
5.1467 1.0481
-0.66114 -3.0872
4.0974 1.1472
6.5203 -0.055779
2.658 1.2922
-0.93417 -1.9971
3.077 -1.6002
1.8987 -1.8059
6.7134 -0.88055
2.9002 -2.6108
5.8333 -0.61156
4.9206 0.64966
4.9746 0.2747
4.4595 -0.101
6.1066 2.0838
5.0357 0.92082
8.291 3.383
-2.3375 -3.5079
3.6192 -0.059543
3.0557 -0.18875
1.4334 -1.9457
4.0823 -0.78512
2.7767 0.11023
3.9885 -2.6334
10.405 3.6132
5.0383 1.6435
6.0175 0.058556
2.3912 -0.29107
1.4554 -1.3892
5.4717 -1.6633
1.9003 -0.044249
4.4426 2.0195
6.4485 0.14472
0.48616 -1.4275
0.31528 -2.4437
3.3772 1.4075
2.1424 -0.90409
4.6986 2.3825
5.5978 -0.17566
-0.03617 -3.5046
7.1581 2.0362
-0.18167 -3.0543
0.9098 -0.26776
6.4388 1.0305
4.4828 1.2413
8.3584 2.9521
5.0616 0.7631
5.5376 -0.63594
0.34491 -1.7366
0.47944 -3.915
2.1816 1.2468
1.3135 -0.55995
3.7936 -0.78785
6.1547 0.89236
2.0748 -1.9946
3.6596 -1.342
2.3254 0.8209
4.9759 -0.47981
4.0064 0.58497
1.3335 -2.5432
1.1111 -1.6117
-0.37167 -4.111
1.6417 -1.4092
1.4164 0.071067
5.5718 1.0017
4.7401 0.20882
1.8918 -1.4558
5.0314 2.2573
6.0746 1.0188
0.19957 -1.2616
3.1351 -2.0705
9.2275 4.0166
4.5615 2.0523
6.1098 0.017713
1.0985 2.2289
7.2643 1.7853
3.0492 -2.4829
2.4711 -1.0258
5.2881 0.16287
4.1231 1.3296
3.3074 0.47577
1.5412 0.57621
5.8677 -2.1939
7.3635 0.46572
2.4104 -1.6448
7.26 3.0472
7.4636 3.4455
2.5036 -3.7959
4.3889 0.20087
4.2224 -0.62384
3.362 0.70097
5.6869 0.50102
2.3043 -2.7537
5.7247 2.2356
2.3729 -0.098898
2.1359 -1.0071
2.1977 -0.93975
2.7552 -0.90382
5.0542 -0.48743
4.9451 3.0594
2.6641 -2.3548
2.1159 -1.2429
1.136 -1.0747
-0.19111 -3.142
2.4862 -0.96309
6.2651 2.1669
6.8437 0.9732
3.2329 0.78871
1.4224 -2.9073
6.649 -0.86415
1.4535 -1.3842
4.1145 1.285
0.89572 -4.6234
2.3845 -1.5739
5.2035 -0.70355
5.0409 1.5643
4.7393 1.952
1.823 1.4158
5.4245 0.92598
6.0077 0.50565
2.4984 -2.0397
5.0521 0.54085
4.1804 0.62182
5.1844 1.01
5.4594 0.99378
0.67709 -2.0891
2.0238 -1.4009
2.7171 -2.3661
4.6859 0.015183
1.2129 -1.4955
-0.70803 -1.3321
5.446 -0.045029
4.0377 -0.64043
2.995 -0.39064
2.4562 -0.90295
3.7067 0.46141
2.4675 0.16254
0.73199 -1.8628
4.6107 -1.7538
2.6 -2.0213
3.2089 -1.5548
1.4226 -0.0091696
1.9785 -2.3153
0.61504 -1.8104
3.1343 0.59358
-1.1893 -2.7679
5.5531 3.3495
4.4233 -0.05172
1.7579 -2.7795
8.1942 1.5487
0.7644 -1.0191
1.3047 -1.7609
1.4688 -2.5988
5.0772 -1.3549
2.5832 -1.0653
4.4915 -0.82884
3.4889 -0.73115
-1.5645 5.592
2.8482 6.9217
-0.76092 5.8552
-0.79448 5.3574
-0.61207 5.8197
3.4226 7.6606
-1.7353 4.8348
0.13049 5.9564
2.6366 6.7932
-2.3489 6.035
3.4955 7.8191
1.4267 4.4105
-3.6385 3.5479
-2.5089 5.9631
-1.1442 5.5242
-0.19834 4.4905
1.3264 4.0858
-5.3572 3.7169
-0.45379 5.0937
0.7187 7.7624
-2.9759 6.0414
2.6194 7.1498
-0.72413 7.3167
0.62154 5.4121
2.7427 5.7743
-3.3338 4.9307
-5.1406 2.997
-1.2105 6.4527
0.92347 5.1505
-1.6362 2.9133
1.4423 7.3931
-4.8698 0.38644
-1.5563 2.2704
-1.6835 5.3639
-0.49914 6.9073
2.9492 6.1021
-1.2955 4.6129
1.6358 7.2034
2.642 6.0395
-1.8397 1.6489
0.11216 4.5643
3.4165 6.951
3.2589 8.6062
-0.32802 4.8093
-1.9077 3.9235
2.5743 7.1145
0.2315 7.5716
0.99605 5.9093
0.34638 6.15
-0.18485 7.7275
1.7358 7.9375
1.6412 6.3575
0.044689 6.1114
-0.34966 5.9882
-3.7947 4.535
1.4216 4.6512
2.3509 8.296
-0.49562 5.1132
0.48283 6.1284
-2.4464 5.1245
3.1737 8.4498
-2.1945 5.1362
-0.65603 6.8282
-4.4824 3.7157
3.9933 7.752
2.4533 4.6587
-1.0326 4.3569
1.3888 6.7959
-4.0245 3.748
3.0778 7.9063
-2.4041 4.372
-1.0888 4.7222
-0.43234 3.4476
-3.5691 4.5965
0.31726 6.3651
-3.7404 2.7641
3.4658 8.6769
2.175 7.4044
0.085238 5.5275
-2.2701 4.2984
1.9045 6.786
-4.3147 2.1911
-1.5555 4.5464
1.1945 8.9733
-0.91336 6.2764
3.2667 7.363
-1.0161 7.3058
-0.50817 5.8876
3.4879 6.7872
2.8086 8.4402
0.22844 7.4192
2.0802 7.1367
-3.3754 5.1006
-1.8496 4.6635
-1.5 5.0649
0.5333 6.632
0.38847 5.9757
1.8343 6.3992
2.9592 8.3238
-0.35047 4.0113
-1.3153 2.749
-4.074 -0.0073221
2.6114 5.5918
2.1217 6.9127
0.26951 5.9409
-2.666 2.926
-2.7319 4.3903
-0.62518 6.5248
-0.55611 5.1348
-3.6903 3.4469
-0.042887 8.74
-1.166 6.372
-2.5057 4.0821
-2.9333 3.7365
-3.4092 4.0576
-0.94646 4.4773
1.8139 7.7674
-2.2355 3.548
-0.27184 5.0952
1.1739 5.5795
-1.6626 4.591
-1.1694 6.7847
0.6813 7.164
0.43809 4.4463
2.8362 7.2955
-1.4765 5.0342
-0.11346 4.1391
-1.1187 4.2408
-0.64416 5.6483
-1.5687 4.8038
5.5479 9.0653
1.2801 8.3974
-0.94092 5.0666
0.60621 4.8872
-4.254 4.186
2.3093 6.3878
-0.43726 4.1964
2.2425 6.5696
-3.0777 5.2366
0.19098 7.7495
-1.1677 5.5006
-4.2887 4.1607
-0.087278 6.6972
-1.1638 4.9288
0.37703 8.0223
-2.7038 4.3649
2.599 3.7096
0.17748 5.2904
0.21718 6.6725
-5.4456 3.3637
2.6591 5.0437
0.8176 4.9528
-2.6922 3.6317
-0.81394 5.5385
0.3888 6.0296
-3.4028 2.4891
-3.6234 1.8534
-1.2129 4.1669
-2.9629 7.1733
-1.0769 4.8383
-0.66374 4.876
2.3768 7.6429
0.59757 5.9144
0.79056 6.5411
-2.17 2.8718
-2.9556 5.0385
-0.94909 3.9665
0.95973 4.3266
1.6073 6.6531
-2.0258 5.013
0.22318 5.4953
-1.0723 6.4012
-2.7831 2.6259
4.1387 8.1393
1.6824 8.2359
-2.8694 3.6557
2.103 8.0823
-0.41324 6.6315
1.6485 7.0079
0.1935 6.7811
-0.71758 7.495
-0.64564 6.0207
-1.4666 3.6536
1.7955 7.6024
-1.4918 4.2674
-3.7555 4.3037
-3.6777 2.0572
2.2458 6.2929
-2.444 5.0617
3.427 9.5919
0.50584 5.5418
-0.98133 6.0255
-2.9779 2.528
0.59063 4.9176
-2.5215 4.5461
-0.76297 4.0347
1.1044 6.8901
-1.2953 3.2816
0.47736 5.4422
-1.8322 5.3001
3.9815 7.1402
-2.932 4.6565
-0.53157 3.9176
0.65373 6.0994
-2.143 4.0369
-0.59202 5.1136
-3.0507 4.8919
1.721 7.5101
-3.3024 4.312
-0.8375 4.8299
0.65362 5.1999
-2.9834 4.9371
0.20029 6.7381
1.7428 6.1055
0.20642 7.4297
2.0717 7.3787
3.6684 8.4458
1.7292 6.6328
-3.2811 3.5304
-1.824 7.362
-3.2736 2.4485
0.91536 5.5329
-2.5358 4.1964
0.32382 5.69
0.32842 4.5889
-1.624 5.7456
-2.5473 4.7171
-0.2727 3.8422
-1.0601 3.5492
2.759 4.7464
-3.2915 3.6485
1.0982 8.6807
-1.853 3.8777
3.4066 6.2499
-2.5063 5.5874
1.5495 6.5632
-1.9236 4.3308
-2.3953 5.0299
-3.1786 2.6603
0.21199 6.2719
-0.31933 5.981
-0.7705 4.4944
1.2369 6.7824
-0.58917 5.9928
0.9759 5.0345
-2.3283 4.0086
-0.54409 5.5357
2.2605 7.033
-0.84343 4.832
1.1995 3.9888
-5.008 1.6837
-2.2408 6.1789
-2.4089 5.0649
-1.1283 6.0323
-2.4718 5.7597
-1.8318 3.1982
-3.6892 3.6142
-0.77467 3.6003
0.24502 5.8494
-0.033615 4.3022
-2.4765 3.3296
-2.9855 5.7842
-0.93709 6.1898
-2.7253 5.2045
1.6231 5.5277
1.5148 7.4323
1.637 8.3111
0.8444 6.8831
1.221 7.7435
-2.3803 3.7338
-0.88949 4.8119
1.8572 6.4388
-0.52746 5.5734
1.5963 6.7324
-0.26584 4.3976
0.3073 7.6531
4.5203 8.8748
0.62241 5.2171
-0.45316 5.791
0.095048 5.4287
-1.7123 5.3855
-1.0943 3.9423
-1.4533 4.6626
3.5581 9.1408
-1.5854 4.4113
-2.1669 5.625
-3.1069 2.6597
-0.81474 4.2874
0.68152 5.2348
-2.4164 4.6402
3.8461 9.1158
-1.604 5.6968
1.2789 5.8052
-1.609 3.8816
-2.8074 4.2651
2.1887 5.9797
0.95303 5.4988
-1.4942 5.8915
-2.2161 4.9885
-1.653 3.6685
0.65957 3.9484
-3.7505 2.7136
-0.1262 4.545
0.076132 7.5206
-0.25924 5.4131
-1.9355 2.1567
-2.9866 4.4544
2.4663 6.7695
0.74947 6.9721
-0.70435 6.2334
1.7628 5.1217
1.4955 4.8934
1.5261 6.0656
0.16729 3.6604
0.62148 6.1642
-0.41756 7.4266
0.17013 5.3675
0.47818 6.5138
3.5858 9.1764
-0.76039 5.3671
2.1137 6.6876
2.4914 6.2737
0.79123 7.237
-1.0178 3.4968
3.3305 9.4556
3.3207 5.7739
-3.8738 4.6046
2.4275 6.9256
-3.8501 2.3018
1.8489 6.5508
-2.7341 5.0077
1.4941 7.0457
1.4251 4.883
-1.5363 3.2337
0.092799 5.6686
-0.57087 5.3258
1.1722 4.8675
1.3661 5.6418
-0.82974 6.4877
-2.2351 4.6418
-0.93051 5.9667
0.5656 5.6898
-2.7225 2.4913
1.1467 7.0481
-4.6611 2.9128
0.097397 7.1472
2.5203 5.9442
-1.342 7.2922
-4.9342 4.0029
-0.92304 4.3998
-2.1013 4.1941
2.7134 5.1195
-1.0998 3.3892
1.8333 5.3884
0.92056 6.6497
0.97455 6.2747
0.45946 5.899
2.1066 8.0838
1.0357 6.9208
4.291 9.383
-6.3375 2.4921
-0.38084 5.9405
-0.94428 5.8113
-2.5666 4.0543
0.082315 5.2149
-1.2233 6.1102
-0.011474 3.3666
6.4051 9.6132
1.0383 7.6435
2.0175 6.0586
-1.6088 5.7089
-2.5446 4.6108
1.4717 4.3367
-2.0997 5.9558
0.44261 8.0195
2.4485 6.1447
-3.5138 4.5725
-3.6847 3.5563
-0.62281 7.4075
-1.8576 5.0959
0.69864 8.3825
1.5978 5.8243
-4.0362 2.4954
3.1581 8.0362
-4.1817 2.9457
-3.0902 5.7322
2.4388 7.0305
0.48277 7.2413
4.3584 8.9521
1.0616 6.7631
1.5376 5.3641
-3.6551 4.2634
-3.5206 2.085
-1.8184 7.2468
-2.6865 5.44
-0.20643 5.2122
2.1547 6.8924
-1.9252 4.0054
-0.34043 4.658
-1.6746 6.8209
0.9759 5.5202
0.0063645 6.585
-2.6665 3.4568
-2.8889 4.3883
-4.3717 1.889
-2.3583 4.5908
-2.5836 6.0711
1.5718 7.0017
0.74013 6.2088
-2.1082 4.5442
1.0314 8.2573
2.0746 7.0188
-3.8004 4.7384
-0.86494 3.9295
5.2275 10.017
0.56149 8.0523
2.1098 6.0177
-2.9015 8.2289
3.2643 7.7853
-0.95078 3.5171
-1.5289 4.9742
1.2881 6.1629
0.12305 7.3296
-0.69264 6.4758
-2.4588 6.5762
1.8677 3.8061
3.3635 6.4657
-1.5896 4.3552
3.26 9.0472
3.4636 9.4455
-1.4964 2.2041
0.38888 6.2009
0.22243 5.3762
-0.63796 6.701
1.6869 6.501
-1.6957 3.2463
1.7247 8.2356
-1.6271 5.9011
-1.8641 4.9929
-1.8023 5.0602
-1.2448 5.0962
1.0542 5.5126
0.94512 9.0594
-1.3359 3.6452
-1.8841 4.7571
-2.864 4.9253
-4.1911 2.858
-1.5138 5.0369
2.2651 8.1669
2.8437 6.9732
-0.7671 6.7887
-2.5776 3.0927
2.649 5.1358
-2.5465 4.6158
0.11453 7.285
-3.1043 1.3766
-1.6155 4.4261
1.2035 5.2964
1.0409 7.5643
0.73929 7.952
-2.177 7.4158
1.4245 6.926
2.0077 6.5057
-1.5016 3.9603
1.0521 6.5408
0.18041 6.6218
1.1844 7.01
1.4594 6.9938
-3.3229 3.9109
-1.9762 4.5991
-1.2829 3.6339
0.68591 6.0152
-2.7871 4.5045
-4.708 4.6679
1.446 5.955
0.0377 5.3596
-1.005 5.6094
-1.5438 5.0971
-0.29328 6.4614
-1.5325 6.1625
-3.268 4.1372
0.61071 4.2462
-1.4 3.9787
-0.79111 4.4452
-2.5774 5.9908
-2.0215 3.6847
-3.385 4.1896
-0.86573 6.5936
-5.1893 3.2321
1.5531 9.3495
0.4233 5.9483
-2.2421 3.2205
4.1942 7.5487
-3.2356 4.9809
-2.6953 4.2391
-2.5312 3.4012
1.0772 4.6451
-1.4168 4.9347
0.49147 5.1712
-0.51106 5.2688
