-0.266484 0.574908 
-0.336049 0.648162 
0.886191 1.179274 
1.552619 1.225525 
1.831822 0.585167 
0.098649 0.907369 
0.806261 1.223768 
1.202156 1.043904 
2.235504 0.698404 
0.995897 1.234709 
-0.771243 0.452044 
2.103027 0.778304 
1.033118 1.327958 
-0.107436 0.953632 
-0.317260 0.907355 
2.424063 -0.028592 
1.678236 1.048837 
1.635656 0.944056 
2.364393 0.247060 
1.043872 1.413388 
1.837059 0.726270 
0.335730 1.261649 
-0.537531 0.617490 
2.112933 0.443965 
-0.560504 0.266942 
0.840750 1.339423 
-0.728682 0.150019 
1.474108 0.999090 
2.101784 0.822374 
1.371983 1.129980 
2.174548 0.656467 
1.459874 1.090465 
0.967650 1.125692 
2.302319 0.078654 
-0.660487 -0.058391 
-0.756924 0.228142 
0.174569 0.900245 
2.371235 0.317156 
1.121864 1.196635 
0.881146 1.117300 
1.065700 1.094119 
1.264131 1.157606 
1.710670 0.700848 
-0.640600 -0.146074 
1.582719 0.885194 
0.229722 1.106437 
0.252885 1.081457 
0.003946 0.919781 
2.087763 0.645089 
-0.610522 0.451367 
2.404456 -0.014772 
1.892076 0.701771 
0.925230 1.276315 
-0.084810 1.024529 
0.027501 0.914987 
2.225218 0.168996 
-0.906042 -0.123863 
0.273071 0.924064 
1.930352 0.711350 
2.368500 0.036328 
-0.746545 -0.248039 
1.743681 1.074919 
2.498255 0.118396 
0.521324 1.034786 
-0.810048 0.245160 
1.133349 1.041386 
2.584140 -0.023459 
1.537864 0.951668 
2.310486 -0.255130 
0.088469 1.079240 
0.044172 1.171768 
0.661911 1.314922 
2.242446 -0.316031 
2.353818 0.272111 
0.050912 0.985733 
-0.105105 0.734669 
1.774898 0.987980 
2.328977 -0.138396 
2.494702 0.260718 
1.698340 1.033354 
2.129394 0.377168 
0.072784 0.863771 
-0.036158 0.857184 
1.447842 1.160869 
0.401783 1.260503 
-0.475594 0.863104 
-0.687138 -0.332248 
1.400928 1.129974 
2.140181 0.657048 
1.025909 1.122686 
1.972601 0.575342 
-0.658704 -0.218500 
1.453341 0.946506 
2.076840 0.581764 
1.810286 0.920304 
-0.339597 0.471132 
1.695786 0.732701 
0.908067 1.253998 
2.372135 0.208931 
2.383756 -0.257224 
2.350263 0.304568 
-0.385945 0.938582 
0.295041 1.111662 
-0.241087 0.633973 
-0.733656 -0.324758 
2.230383 0.405467 
1.709028 0.875188 
2.446557 -0.210408 
1.126083 1.248866 
1.316384 1.242455 
-0.507772 0.359395 
-0.009288 1.071181 
-0.467330 0.670462 
-0.787460 -0.207848 
-0.723302 0.288487 
0.003728 1.063157 
2.181642 0.083968 
-0.889812 -0.228859 
2.283298 -0.227795 
-0.049300 0.861594 
2.304293 0.160424 
1.761014 0.899826 
1.311233 0.988032 
2.452614 0.025188 
2.380864 -0.329851 
-0.634490 -0.263704 
0.575484 1.117028 
-0.384552 0.555467 
1.165971 1.182092 
-0.552387 0.485647 
-0.464244 0.782278 
2.043513 0.742045 
0.488633 1.115819 
-0.363874 0.599386 
1.778091 0.901654 
-0.522702 0.091660 
0.749662 1.118540 
1.296476 1.124124 
2.369982 0.204026 
2.329961 0.479240 
-0.938400 -0.300188 
-0.394728 0.623167 
2.328231 -0.289780 
-0.454986 0.892001 
2.074776 0.442172 
-0.485503 0.479860 
0.141730 0.935646 
-0.819297 0.182640 
-0.129427 1.067392 
-0.004251 1.186519 
0.829197 1.120849 
1.788348 1.077938 
1.727950 0.968730 
1.800576 0.691406 
0.973113 1.055784 
2.263835 -0.102168 
0.487254 1.257977 
2.183160 0.310147 
0.399428 1.352600 
0.955041 1.408462 
2.585373 -0.252409 
2.094803 0.243430 
-0.694755 0.113761 
2.393249 -0.102751 
-0.019897 1.089984 
1.475427 0.905317 
0.093334 0.960098 
-0.088468 0.877008 
2.225258 -0.248953 
0.787044 1.029874 
2.205173 0.518233 
2.307231 0.016705 
1.122449 1.094587 
-0.489938 0.599390 
-0.419390 0.826342 
2.257995 0.109097 
2.257419 0.633584 
2.345196 -0.310990 
1.694490 1.198800 
0.983270 1.260059 
2.036504 0.897605 
2.041071 0.411479 
-0.269161 0.726451 
2.165656 0.158485 
-0.161613 0.848280 
1.989783 0.660179 
-0.850822 -0.071761 
0.408552 1.199562 
-0.112826 0.816432 
-0.454633 0.637902 
0.773154 1.110895 
-0.620463 -0.058045 
-0.848860 0.210732 
-0.171764 1.102284 
0.030393 0.906329 
0.195310 0.905669 
1.982910 0.385639 
0.755202 1.170725 
2.342793 -0.167443 
0.777350 1.101506 
-0.102061 1.056239 
2.398516 -0.295258 
2.471223 -0.282410 
0.248866 0.966800 
2.434214 0.403493 
-0.720687 0.016319 
2.232186 0.659225 
2.199526 0.506711 
0.077258 1.208453 
1.621755 0.892448 
0.592202 1.398940 
1.827228 1.130774 
1.291834 1.094216 
0.165591 1.061270 
2.190710 0.627131 
1.874392 0.774934 
1.580520 0.821046 
1.787206 0.921857 
-0.934316 -0.194018 
1.258809 1.128467 
0.405442 1.339292 
-0.243679 0.687804 
-0.809691 0.259548 
2.072537 0.657287 
0.753105 1.325843 
1.600577 0.855769 
1.080098 1.368685 
2.060876 0.250799 
2.482185 0.273257 
0.819932 1.437193 
-0.459756 0.348832 
-0.679533 0.110084 
-0.632136 0.575086 
1.051804 1.005874 
-0.224928 0.934000 
1.886360 0.587884 
-0.430540 0.352648 
2.008158 0.549258 
2.125067 0.319446 
0.298588 1.184282 
2.601576 -0.241891 
-0.934411 0.039691 
2.149322 0.638314 
1.940588 0.652355 
-0.578582 0.726767 
1.428461 0.969409 
1.351901 1.029779 
1.963629 0.929875 
2.457536 -0.003820 
-0.547832 0.494778 
0.757610 1.396608 
2.204327 -0.147164 
-0.638822 0.616384 
0.960428 1.376195 
-0.859294 -0.145296 
0.388210 0.957179 
2.587612 -0.182582 
-0.372469 0.932297 
2.350710 -0.048541 
2.254271 -0.354894 
2.274104 0.015210 
0.979912 1.265465 
-0.587956 -0.227375 
1.848689 1.052520 
2.273975 0.315338 
-0.185766 0.819496 
1.738997 0.843576 
2.399556 -0.018301 
2.218384 0.480715 
1.293808 1.309609 
2.058297 0.573114 
2.269506 0.099155 
2.339139 0.386292 
0.911730 1.086496 
-0.873171 0.041365 
1.113562 1.099211 
-0.655802 0.569984 
1.754354 0.857496 
0.447429 1.179061 
1.896586 0.965128 
-0.162162 0.779159 
1.954835 0.734003 
-0.019090 1.099189 
0.872676 1.097328 
0.202702 1.121964 
-0.789127 -0.200467 
2.338134 0.544889 
2.287821 0.462689 
-0.395952 0.904625 
2.138054 0.319622 
1.099880 1.401011 
1.115627 1.151485 
-0.094220 1.003198 
-0.457676 0.262813 
2.509692 -0.072498 
-0.546321 0.234434 
-0.280485 0.609426 
2.246042 0.419465 
-0.091770 0.994661 
-0.073306 0.902830 
-0.868492 -0.138630 
1.647882 0.870505 
2.550621 0.045332 
2.559522 -0.089504 
0.093148 0.884636 
1.313392 0.954598 
0.708783 1.063160 
1.753738 0.779312 
-0.724832 0.544234 
-0.600817 -0.243498 
0.719891 1.088200 
-0.320761 0.638086 
2.173103 0.258829 
-0.318158 0.451051 
-0.550893 -0.146345 
1.779832 0.985231 
0.592739 1.189477 
0.469989 1.031830 
-0.034851 1.080865 
1.419050 0.929746 
0.768084 1.204252 
-0.545929 0.214292 
1.099660 1.104581 
-0.607590 0.119075 
1.801407 0.898124 
2.268011 0.063780 
1.738383 0.940552 
1.306180 0.942019 
1.909596 0.916896 
-0.226359 0.893285 
2.364855 0.384205 
0.662410 1.419882 
-0.634162 0.232398 
1.720289 1.135561 
2.149851 0.588398 
2.133418 0.395276 
1.342870 1.291819 
1.191239 1.030120 
1.030425 1.300722 
-0.867333 -0.304826 
1.713366 0.816474 
0.328288 1.014079 
-0.718257 0.301915 
0.048851 0.972977 
-0.785780 -0.195677 
0.910830 1.369415 
-0.933704 -0.170062 
1.227308 1.220352 
1.926135 0.537157 
2.128252 0.502968 
-0.404022 0.804818 
1.896754 0.765838 
1.961507 1.005000 
0.316748 1.342435 
0.784914 1.345894 
2.317565 -0.036325 
-0.585063 -0.315095 
2.243310 0.715248 
1.906218 0.993595 
-0.128841 0.948179 
2.165224 0.775122 
-0.512106 0.793001 
2.404977 0.010651 
2.174834 0.709236 
2.016203 0.866225 
-0.698380 0.213936 
0.464822 1.081878 
2.260107 0.458888 
1.513697 1.123742 
-0.225565 0.970008 
-0.764602 0.333143 
0.903533 1.333663 
1.396986 1.153718 
-0.581061 0.666786 
0.291393 1.164269 
1.122014 -0.530660 
-1.806218 -1.231862 
0.754270 -1.198166 
0.676215 -0.831534 
0.708328 -1.037971 
0.955767 -0.343351 
-1.718658 -1.303704 
-2.086257 -0.358822 
1.157907 -0.015260 
-2.057439 -0.655606 
-0.068407 -1.464677 
-0.567937 -1.767457 
0.888406 -0.368918 
-1.598899 -1.010651 
-1.120326 -1.444781 
-1.047259 -1.456294 
0.921981 -1.084018 
-1.940592 -0.539344 
-1.009876 -1.711736 
0.117402 -1.312916 
-0.492130 -1.591225 
-1.945762 -0.600454 
0.015574 -1.450831 
-1.841776 -0.620874 
-1.450819 -1.369182 
-0.992359 -1.531649 
-0.900030 -1.504205 
-1.473662 -1.513150 
-0.770247 -1.753432 
-0.160564 -1.653679 
1.128023 -0.206071 
-1.295679 -1.504852 
1.014489 -0.497152 
-2.153365 -0.053377 
1.159463 -0.200027 
-0.202856 -1.384034 
0.943388 -0.710897 
-0.867342 -1.492394 
-0.893278 -1.454362 
-1.352736 -1.148658 
-1.512337 -1.244652 
0.725276 -1.055401 
0.756780 -0.975211 
-0.534333 -1.442275 
-0.377254 -1.645471 
-0.233253 -1.585471 
-1.604728 -1.269768 
-0.356942 -1.645435 
0.937470 -0.922897 
1.040072 -0.873600 
0.986580 -0.808828 
-1.906993 -0.530818 
-1.804905 -0.723560 
-1.980715 -0.159098 
-1.754763 -0.828497 
-1.905644 -0.667890 
0.361727 -1.370783 
0.422253 -1.145324 
1.072931 -0.179152 
0.914670 -0.175904 
-0.270873 -1.526353 
-1.562650 -1.419433 
1.049819 -0.121111 
0.037946 -1.663940 
-1.933072 -0.072233 
1.102925 -0.761742 
-0.092869 -1.745344 
-0.107356 -1.620689 
0.422934 -1.522548 
-0.176000 -1.439764 
-1.938680 -1.035329 
0.880205 -0.358046 
1.212611 -0.176693 
1.027973 -0.612562 
0.398982 -1.126794 
0.899682 -0.335183 
-0.953089 -1.682779 
-1.757710 -1.113463 
0.596975 -0.928879 
-2.192767 -0.191767 
0.869494 -0.378758 
-2.017874 -0.422568 
1.101482 -0.456016 
-0.566193 -1.519130 
0.317444 -1.469096 
-1.019442 -1.487191 
-1.583154 -1.387996 
-1.466414 -1.278906 
-1.960344 -0.089102 
-1.141915 -1.522440 
0.996167 -0.171893 
-0.139191 -1.362652 
-1.949376 -0.580535 
0.045713 -1.518424 
-1.047198 -1.374606 
0.660666 -0.759714 
-0.311452 -1.514732 
-1.003545 -1.325170 
-0.244753 -1.624594 
-0.651103 -1.630756 
-0.618350 -1.640354 
-2.068776 -0.112722 
-0.161150 -1.566830 
-0.336416 -1.679886 
0.188074 -1.651462 
-1.818428 -0.889362 
-0.730070 -1.742875 
-1.881636 -1.078493 
0.890471 -0.421680 
1.124237 -0.568158 
0.574178 -1.143583 
-1.049323 -1.548649 
0.537459 -1.407408 
-2.026029 -0.264308 
-2.125754 -0.171145 
-0.963386 -1.700039 
-2.283902 -0.077579 
1.242063 -0.075430 
-1.868713 -0.239438 
-0.021880 -1.600436 
-1.958851 -0.515813 
-1.348899 -1.499843 
-2.237982 -0.436964 
-1.519639 -1.282133 
-2.058584 -0.516971 
0.762831 -1.144474 
0.425852 -1.130117 
-2.196618 -0.185801 
-1.332312 -1.338539 
1.194801 -0.052795 
0.054053 -1.561735 
-0.183327 -1.697550 
0.998553 -0.413251 
0.119661 -1.576871 
-0.839491 -1.506374 
-2.028853 -0.223837 
-0.336649 -1.688393 
-1.288744 -1.409951 
0.085036 -1.651618 
-0.463023 -1.639249 
0.134394 -1.602088 
-1.120958 -1.383983 
0.901768 -0.112369 
-1.169538 -1.322645 
-2.214516 -0.470354 
0.670368 -1.021423 
-1.471044 -1.355521 
-0.119142 -1.552018 
-0.549043 -1.618338 
-1.413523 -1.448561 
-0.517557 -1.437235 
0.557645 -1.320677 
-0.800167 -1.648825 
-1.678286 -0.786367 
-0.022192 -1.539997 
0.758546 -0.582326 
-1.525599 -1.362761 
0.375064 -1.314984 
0.742104 -0.869111 
0.528986 -1.083210 
0.671003 -1.206520 
-1.133796 -1.446694 
-1.136293 -1.596472 
0.670193 -1.342494 
-1.559380 -1.414813 
0.770121 -0.563534 
-0.481207 -1.710728 
0.635076 -0.872526 
-0.665421 -1.395204 
-1.180252 -1.658953 
0.874985 -0.420169 
1.040734 -0.016048 
0.672876 -1.154650 
-2.061621 -0.621065 
0.743555 -0.791862 
1.075092 -0.844654 
0.763971 -1.234732 
0.908717 -0.441680 
-1.004469 -1.687630 
0.095171 -1.408399 
0.139049 -1.550052 
0.951008 -0.547327 
1.033906 -0.503728 
-1.098182 -1.697622 
-0.658268 -1.703527 
0.295415 -1.132848 
0.150386 -1.639901 
1.142087 -0.213683 
0.408166 -1.069722 
0.658622 -1.023509 
-1.189851 -1.359518 
-0.504409 -1.545846 
-1.753334 -1.120313 
0.557248 -1.407589 
0.650442 -0.863885 
0.084020 -1.369747 
-0.553516 -1.640063 
-0.045301 -1.563788 
0.883020 -0.450314 
0.401662 -1.251799 
-0.159098 -1.614724 
-1.346671 -1.115965 
0.623372 -0.856964 
-1.012819 -1.680776 
-2.176948 -0.311567 
-0.965637 -1.545817 
1.008910 -0.705247 
0.858054 -1.174433 
-1.868577 -1.114048 
-1.886208 -0.626381 
-1.431990 -1.310815 
-0.422413 -1.526200 
-1.298490 -1.218053 
0.982011 -0.836148 
0.901271 -0.595795 
-0.609664 -1.576697 
0.945830 -0.097820 
-1.565079 -0.907404 
-1.243195 -1.299944 
-1.920067 -0.182017 
0.919252 -0.487397 
-1.053313 -1.334008 
-1.983532 -0.124567 
-1.492791 -1.215326 
-0.708970 -1.526658 
-1.741135 -0.608648 
-1.980657 -0.399902 
-1.940096 -0.415970 
-1.157556 -1.457111 
0.800568 -0.819644 
-0.289318 -1.512301 
0.190324 -1.479691 
0.962872 -0.261128 
-0.140493 -1.643486 
-0.467760 -1.584571 
-1.930749 -1.067682 
-1.988268 -0.542867 
0.990824 -0.447998 
-1.795777 -0.746887 
0.939946 -0.210541 
-1.935036 -0.215225 
-1.508512 -1.440586 
-1.488006 -1.279489 
-1.965420 -0.197788 
1.231731 -0.025334 
0.445096 -1.518895 
-1.909707 -0.885466 
-1.689331 -1.307647 
-0.795720 -1.602042 
-1.650447 -0.924740 
-0.848371 -1.710364 
-2.128818 -0.363356 
-0.902755 -1.558628 
-1.291902 -1.492172 
-1.890492 -0.661958 
0.842181 -1.133053 
0.789770 -1.082666 
0.191765 -1.450674 
1.025775 -0.206812 
-0.953280 -1.726440 
-0.230401 -1.521248 
0.833837 -0.576410 
-2.052572 -0.027100 
-1.917306 -0.426378 
0.346258 -1.482740 
0.146174 -1.675013 
-1.907671 -0.838465 
-1.392285 -1.383340 
0.632061 -1.071504 
-1.140153 -1.341341 
-1.705216 -1.130369 
-1.816899 -1.100866 
-2.136830 -0.723875 
0.961425 -0.574774 
-2.009127 -0.797520 
-1.854229 -0.576526 
-0.403264 -1.461365 
1.092210 -0.710345 
-0.252272 -1.751918 
1.011680 -0.288748 
-0.845024 -1.686178 
0.450492 -1.068582 
-1.869039 -0.606154 
0.971524 -0.059587 
1.210074 -0.350903 
0.996872 -0.115375 
-1.771795 -0.653195 
-1.888251 -0.754717 
1.019548 -0.839740 
-1.985136 -0.970615 
-1.389507 -1.106220 
-1.205422 -1.420248 
-0.370370 -1.641643 
-1.920640 -0.619297 
0.670917 -1.249915 
0.932309 -0.801725 
-1.902820 -0.308412 
0.784121 -1.156008 
-1.814828 -0.880936 
-2.217678 -0.211616 
-1.600587 -1.005793 
-1.596507 -1.227164 
0.943835 -0.500002 
0.709702 -1.020805 
0.986428 -0.411475 
1.147332 -0.196823 
0.457113 -1.146293 
-2.101164 -0.202794 
-2.074822 -0.060228 
0.703200 -0.726124 
-0.933294 -1.374055 
-0.075981 -1.540943 
-0.382575 -1.638234 
-1.672359 -0.931957 
0.148742 -1.465986 
-1.931739 -0.401581 
0.481536 -1.198637 
-2.022375 -0.948240 
0.348521 -1.096351 
-2.041999 -0.923371 
-1.122946 -1.681440 
-0.264441 -1.587962 
0.732906 -1.184075 
-0.720106 -1.482899 
-1.142888 -1.251686 
0.996117 -0.468079 
-0.640034 -1.526539 
-0.750632 -1.745380 
-2.236178 -0.033894 
0.294251 -1.406166 
-1.671860 -1.230931 
-1.896009 -0.034778 
1.139944 -0.489246 
-1.000084 -1.525121 
-0.558153 -1.628844 
0.660209 -0.841156 
-1.929603 -0.071342 
0.924718 -0.279386 
0.641492 -0.943706 
-0.831264 -1.608439 
-1.612239 -0.847105 
1.087928 -0.524966 
-0.604288 -1.741638 
-2.042666 -0.697918 
0.262074 -1.192596 
0.417695 -1.090404 
0.664446 -0.796178 
0.642450 -1.261008 
1.149111 -0.623557 
0.814298 -0.962851 
0.874616 -0.433820 
-0.182662 -1.486030 
0.691850 -0.781343 
0.634167 -1.346446 
0.514485 -1.052345 
1.193831 -0.515520 
-0.795307 -1.491169 
-0.832032 -1.373453 
0.486540 -1.303314 
-0.073431 -1.632346 
-1.931292 -0.216509 
-0.284198 -1.402154 
0.911957 -0.616865 
-0.324272 -1.586898 
-0.007366 -1.656353 
0.836392 -1.114804 
0.400442 -1.301147 
-2.099880 -0.730318 
0.995028 -0.328336 
-0.945968 -1.417416 
0.372629 -1.071626 
1.137075 -0.447451 
-0.886795 -1.425967 
1.038372 -0.169404 
-2.257536 -0.104954
